1	7
1	8
1	9
1	10
1	11
1	13
1	21
1	22
1	24
1	25
1	26
1	32
1	50
1	55
1	61
1	62
1	63
1	64
1	65
1	81
1	83
1	85
1	92
1	96
1	100
1	110
1	111
1	137
1	151
1	158
1	163
1	166
1	169
1	172
1	178
1	205
1	213
1	217
1	222
1	228
1	245
1	257
1	262
1	264
1	293
1	294
1	302
1	316
1	334
1	343
1	378
1	394
1	404
1	427
1	438
1	469
1	481
1	537
1	572
1	610
1	651
1	670
1	721
1	758
1	775
1	806
1	836
2	7
2	8
2	9
2	11
2	12
2	14
2	16
2	17
2	18
2	19
2	23
2	25
2	27
2	33
2	34
2	43
2	45
2	50
2	58
2	59
2	68
2	77
2	91
2	99
2	109
2	117
2	136
2	142
2	143
2	144
2	145
2	147
2	148
2	152
2	167
2	171
2	180
2	181
2	188
2	216
2	221
2	222
2	237
2	240
2	250
2	251
2	253
2	265
2	268
2	275
2	277
2	299
2	303
2	321
2	346
2	350
2	363
2	366
2	371
2	376
2	416
2	417
2	422
2	437
2	456
2	457
2	481
2	511
2	514
2	531
2	532
2	568
2	630
2	642
2	659
2	672
2	684
2	685
2	734
2	754
2	759
2	762
2	836
2	853
2	857
2	859
2	866
2	869
2	878
2	918
2	921
2	943
3	7
3	8
3	9
3	10
3	11
3	12
3	14
3	16
3	20
3	21
3	26
3	28
3	47
3	48
3	51
3	52
3	59
3	69
3	73
3	90
3	97
3	115
3	121
3	123
3	134
3	172
3	196
3	204
3	217
3	222
3	249
3	264
3	279
3	321
3	324
3	391
3	402
3	462
3	474
3	542
3	548
3	554
3	657
3	667
3	691
3	704
3	735
3	742
3	758
3	760
3	935
3	986
4	7
4	16
4	17
4	23
4	37
4	39
4	45
4	60
4	61
4	74
4	108
4	123
4	151
4	192
4	202
4	234
4	312
4	320
4	324
4	474
4	581
4	688
4	708
4	715
4	757
4	798
4	883
4	929
5	7
5	8
5	10
5	11
5	12
5	13
5	15
5	16
5	25
5	44
5	47
5	49
5	57
5	64
5	70
5	75
5	85
5	87
5	96
5	97
5	101
5	109
5	118
5	128
5	147
5	163
5	166
5	173
5	206
5	238
5	254
5	274
5	285
5	289
5	302
5	319
5	341
5	351
5	371
5	383
5	385
5	423
5	448
5	482
5	508
5	530
5	562
5	569
5	587
5	600
5	624
5	633
5	668
5	709
5	737
5	773
5	802
5	831
5	842
5	896
5	921
5	980
5	999
6	7
6	8
6	9
6	16
6	22
6	27
6	42
6	47
6	48
6	52
6	70
6	92
6	105
6	124
6	130
6	134
6	144
6	156
6	165
6	166
6	178
6	179
6	207
6	287
6	291
6	311
6	331
6	340
6	359
6	506
6	534
6	596
6	626
6	702
6	712
6	736
6	742
6	748
6	816
6	834
6	897
6	986
7	8
7	9
7	10
7	11
7	12
7	13
7	15
7	17
7	18
7	20
7	22
7	26
7	27
7	28
7	32
7	35
7	43
7	44
7	48
7	50
7	53
7	60
7	71
7	73
7	81
7	82
7	85
7	88
7	95
7	97
7	101
7	103
7	105
7	109
7	110
7	113
7	120
7	122
7	123
7	149
7	152
7	153
7	158
7	169
7	175
7	176
7	184
7	186
7	191
7	193
7	221
7	241
7	246
7	247
7	249
7	255
7	271
7	278
7	284
7	308
7	310
7	316
7	324
7	340
7	344
7	348
7	352
7	356
7	360
7	371
7	390
7	399
7	415
7	425
7	452
7	479
7	484
7	492
7	504
7	507
7	514
7	515
7	522
7	590
7	592
7	633
7	635
7	691
7	693
7	702
7	704
7	710
7	729
7	747
7	767
7	776
7	779
7	785
7	792
7	819
7	833
7	840
7	875
7	884
7	887
7	915
7	919
7	932
7	945
7	953
7	980
7	982
7	995
8	9
8	10
8	11
8	12
8	13
8	14
8	17
8	18
8	19
8	20
8	23
8	24
8	25
8	28
8	29
8	32
8	33
8	34
8	36
8	38
8	41
8	44
8	50
8	55
8	57
8	58
8	65
8	66
8	67
8	72
8	76
8	82
8	87
8	92
8	98
8	101
8	103
8	112
8	120
8	123
8	125
8	126
8	138
8	141
8	159
8	165
8	170
8	182
8	184
8	186
8	187
8	189
8	191
8	199
8	203
8	212
8	214
8	223
8	230
8	231
8	257
8	277
8	280
8	288
8	291
8	298
8	299
8	311
8	316
8	324
8	333
8	337
8	338
8	343
8	348
8	358
8	361
8	363
8	373
8	412
8	436
8	439
8	440
8	443
8	447
8	448
8	456
8	468
8	469
8	491
8	499
8	507
8	525
8	549
8	551
8	560
8	566
8	578
8	584
8	591
8	592
8	606
8	613
8	624
8	638
8	654
8	658
8	660
8	661
8	669
8	679
8	701
8	710
8	727
8	743
8	744
8	755
8	768
8	789
8	814
8	822
8	823
8	824
8	825
8	847
8	855
8	856
8	863
8	879
8	889
8	907
8	911
8	919
8	939
8	955
8	979
9	10
9	12
9	13
9	14
9	15
9	17
9	19
9	24
9	25
9	27
9	29
9	34
9	35
9	42
9	49
9	52
9	55
9	63
9	68
9	72
9	81
9	86
9	90
9	91
9	95
9	149
9	160
9	168
9	171
9	174
9	177
9	189
9	196
9	228
9	229
9	236
9	237
9	295
9	304
9	310
9	312
9	317
9	323
9	345
9	346
9	402
9	409
9	414
9	446
9	450
9	453
9	459
9	472
9	518
9	526
9	579
9	603
9	628
9	651
9	656
9	680
9	706
9	730
9	743
9	768
9	771
9	794
9	820
9	839
9	871
9	876
9	878
9	941
9	952
9	958
9	983
10	14
10	18
10	31
10	33
10	35
10	37
10	43
10	52
10	53
10	67
10	77
10	105
10	114
10	127
10	130
10	139
10	143
10	144
10	151
10	172
10	177
10	195
10	210
10	241
10	254
10	266
10	312
10	334
10	391
10	454
10	487
10	490
10	493
10	545
10	561
10	580
10	584
10	594
10	614
10	630
10	778
10	834
10	894
11	13
11	16
11	18
11	19
11	29
11	30
11	31
11	34
11	39
11	56
11	61
11	98
11	110
11	119
11	137
11	147
11	151
11	153
11	181
11	192
11	195
11	198
11	207
11	220
11	233
11	255
11	256
11	260
11	263
11	268
11	282
11	297
11	307
11	331
11	373
11	392
11	412
11	420
11	432
11	433
11	497
11	499
11	538
11	541
11	569
11	601
11	637
11	646
11	676
11	681
11	687
11	711
11	715
11	728
11	749
11	753
11	756
11	835
11	839
11	865
11	882
11	950
11	954
11	992
12	15
12	18
12	19
12	23
12	35
12	36
12	45
12	53
12	85
12	112
12	140
12	168
12	176
12	193
12	194
12	219
12	226
12	272
12	295
12	301
12	315
12	317
12	329
12	346
12	368
12	387
12	431
12	456
12	484
12	557
12	585
12	602
12	622
12	667
12	676
12	686
12	713
12	731
12	737
12	777
12	791
12	799
12	804
12	914
12	967
12	986
13	14
13	15
13	20
13	23
13	28
13	29
13	33
13	40
13	55
13	71
13	78
13	89
13	92
13	96
13	108
13	110
13	111
13	119
13	126
13	132
13	150
13	158
13	172
13	181
13	209
13	217
13	243
13	271
13	273
13	286
13	289
13	300
13	315
13	334
13	335
13	353
13	406
13	408
13	428
13	455
13	460
13	471
13	479
13	503
13	520
13	553
13	558
13	601
13	621
13	650
13	656
13	676
13	700
13	741
13	771
13	844
13	861
13	918
13	959
13	971
13	989
14	15
14	19
14	21
14	25
14	26
14	30
14	31
14	32
14	34
14	36
14	37
14	38
14	39
14	44
14	49
14	58
14	68
14	74
14	77
14	79
14	86
14	93
14	99
14	100
14	105
14	107
14	113
14	114
14	118
14	124
14	126
14	130
14	133
14	139
14	142
14	143
14	152
14	155
14	161
14	162
14	170
14	173
14	177
14	185
14	191
14	208
14	211
14	224
14	225
14	232
14	236
14	242
14	245
14	247
14	255
14	258
14	261
14	271
14	285
14	295
14	304
14	317
14	328
14	342
14	352
14	357
14	368
14	373
14	395
14	413
14	418
14	421
14	422
14	438
14	442
14	449
14	460
14	467
14	468
14	476
14	525
14	540
14	560
14	567
14	574
14	577
14	598
14	614
14	625
14	631
14	640
14	660
14	666
14	668
14	672
14	680
14	688
14	705
14	707
14	745
14	748
14	793
14	808
14	812
14	821
14	829
14	844
14	845
14	850
14	873
14	901
14	905
14	924
14	926
14	936
14	939
14	962
14	963
14	982
15	17
15	20
15	21
15	22
15	23
15	26
15	28
15	30
15	36
15	40
15	45
15	58
15	60
15	62
15	70
15	76
15	83
15	104
15	112
15	123
15	124
15	127
15	138
15	146
15	160
15	161
15	165
15	176
15	182
15	185
15	189
15	201
15	226
15	231
15	235
15	241
15	261
15	265
15	269
15	279
15	298
15	317
15	335
15	349
15	374
15	377
15	381
15	417
15	420
15	446
15	448
15	449
15	459
15	488
15	489
15	515
15	518
15	527
15	539
15	592
15	619
15	639
15	657
15	658
15	671
15	700
15	701
15	727
15	736
15	746
15	766
15	772
15	774
15	777
15	780
15	819
15	832
15	859
15	886
15	915
15	959
15	965
15	972
16	22
16	42
16	45
16	50
16	52
16	56
16	57
16	59
16	72
16	81
16	97
16	104
16	139
16	145
16	187
16	210
16	211
16	238
16	242
16	260
16	280
16	309
16	327
16	376
16	386
16	404
16	405
16	475
16	503
16	527
16	538
16	550
16	556
16	609
16	634
16	642
16	687
16	710
16	782
16	794
16	900
17	28
17	31
17	32
17	54
17	65
17	67
17	69
17	88
17	90
17	93
17	131
17	142
17	200
17	210
17	211
17	215
17	226
17	234
17	256
17	293
17	314
17	335
17	414
17	421
17	444
17	459
17	464
17	483
17	538
17	591
17	631
17	632
17	635
17	643
17	674
17	699
17	712
17	714
17	735
17	887
17	994
18	20
18	21
18	24
18	33
18	44
18	46
18	49
18	50
18	52
18	54
18	55
18	58
18	62
18	63
18	64
18	70
18	78
18	87
18	89
18	94
18	97
18	103
18	107
18	120
18	131
18	149
18	163
18	168
18	178
18	193
18	194
18	202
18	204
18	211
18	266
18	284
18	290
18	294
18	297
18	319
18	325
18	342
18	344
18	357
18	367
18	370
18	373
18	376
18	408
18	410
18	498
18	511
18	517
18	519
18	531
18	566
18	582
18	599
18	604
18	639
18	648
18	649
18	650
18	684
18	736
18	815
18	856
18	882
18	912
18	922
18	926
18	940
18	941
18	957
19	21
19	46
19	58
19	62
19	64
19	78
19	84
19	89
19	95
19	154
19	157
19	184
19	185
19	194
19	197
19	243
19	253
19	292
19	309
19	375
19	406
19	487
19	490
19	517
19	537
19	540
19	545
19	546
19	559
19	567
19	597
19	627
19	698
19	703
19	794
19	808
19	886
19	946
20	22
20	24
20	40
20	117
20	123
20	131
20	157
20	159
20	188
20	192
20	210
20	230
20	247
20	262
20	304
20	380
20	400
20	482
20	681
20	741
20	868
21	39
21	59
21	65
21	70
21	101
21	112
21	135
21	162
21	167
21	185
21	246
21	256
21	314
21	361
21	390
21	447
21	485
21	559
21	627
21	950
21	956
22	27
22	29
22	40
22	51
22	53
22	55
22	56
22	60
22	63
22	67
22	80
22	94
22	100
22	122
22	125
22	146
22	150
22	183
22	185
22	191
22	192
22	195
22	196
22	216
22	222
22	240
22	250
22	252
22	270
22	273
22	285
22	286
22	289
22	315
22	327
22	360
22	375
22	396
22	416
22	443
22	457
22	503
22	518
22	540
22	542
22	554
22	605
22	609
22	611
22	634
22	680
22	690
22	703
22	725
22	755
22	773
22	831
22	840
22	849
22	924
22	946
22	959
22	960
22	971
22	973
22	1000
23	24
23	26
23	27
23	30
23	32
23	38
23	48
23	49
23	63
23	75
23	79
23	99
23	107
23	108
23	109
23	114
23	137
23	139
23	141
23	153
23	156
23	181
23	182
23	196
23	212
23	213
23	221
23	224
23	236
23	254
23	258
23	274
23	276
23	319
23	326
23	351
23	354
23	438
23	466
23	496
23	506
23	549
23	619
23	620
23	623
23	624
23	642
23	715
23	747
23	783
23	784
23	829
23	927
23	955
23	965
23	984
24	29
24	31
24	46
24	47
24	57
24	80
24	88
24	93
24	94
24	115
24	118
24	131
24	132
24	142
24	155
24	157
24	159
24	162
24	164
24	234
24	260
24	262
24	264
24	364
24	370
24	413
24	444
24	452
24	490
24	508
24	546
24	561
24	594
24	641
24	650
24	674
24	743
24	770
24	843
24	853
24	876
24	879
24	911
24	964
24	976
24	982
25	30
25	35
25	38
25	39
25	41
25	54
25	60
25	73
25	89
25	104
25	108
25	126
25	129
25	135
25	185
25	190
25	192
25	201
25	220
25	224
25	309
25	365
25	369
25	380
25	421
25	448
25	552
25	601
25	772
25	800
25	807
25	890
25	944
25	949
25	1000
26	36
26	84
26	117
26	119
26	138
26	179
26	184
26	225
26	227
26	229
26	336
26	467
26	654
26	713
26	743
26	750
26	823
27	30
27	43
27	51
27	56
27	59
27	64
27	71
27	82
27	92
27	95
27	131
27	135
27	152
27	166
27	173
27	178
27	200
27	229
27	237
27	264
27	296
27	326
27	341
27	368
27	390
27	436
27	465
27	478
27	480
27	504
27	537
27	544
27	556
27	576
27	700
27	794
27	882
27	991
28	37
28	47
28	60
28	211
28	256
28	262
28	524
28	577
28	587
28	610
28	767
28	793
28	850
28	890
28	920
29	31
29	37
29	41
29	51
29	54
29	61
29	95
29	100
29	101
29	110
29	120
29	125
29	149
29	206
29	221
29	241
29	249
29	258
29	269
29	278
29	285
29	337
29	350
29	371
29	451
29	482
29	488
29	491
29	574
29	740
29	778
29	783
29	784
29	799
29	813
29	819
29	833
29	849
29	890
29	938
29	968
30	34
30	35
30	36
30	37
30	38
30	40
30	41
30	42
30	43
30	57
30	86
30	88
30	108
30	115
30	159
30	175
30	239
30	247
30	257
30	270
30	278
30	306
30	336
30	339
30	359
30	363
30	364
30	379
30	383
30	392
30	452
30	455
30	493
30	628
30	678
30	686
30	695
30	754
30	847
30	885
30	992
30	1000
31	66
31	71
31	74
31	79
31	127
31	150
31	168
31	193
31	233
31	238
31	257
31	271
31	319
31	396
31	425
31	536
31	591
31	683
31	714
31	779
31	800
31	925
31	946
32	33
32	41
32	42
32	47
32	49
32	75
32	77
32	78
32	86
32	109
32	121
32	136
32	145
32	160
32	197
32	199
32	203
32	208
32	286
32	318
32	366
32	391
32	400
32	406
32	450
32	476
32	549
32	562
32	629
32	638
32	647
32	657
32	668
32	723
32	767
32	811
32	851
32	868
32	937
33	44
33	46
33	61
33	90
33	101
33	111
33	112
33	165
33	171
33	172
33	225
33	235
33	252
33	281
33	305
33	338
33	339
33	420
33	582
33	628
33	728
33	741
33	789
33	793
33	802
33	821
33	835
33	838
33	880
33	960
34	38
34	39
34	59
34	67
34	140
34	150
34	171
34	184
34	242
34	243
34	251
34	291
34	343
34	370
34	374
34	388
34	409
34	425
34	441
34	502
34	549
34	590
34	664
34	709
34	730
34	790
34	871
34	999
35	56
35	64
35	71
35	77
35	102
35	132
35	133
35	136
35	146
35	153
35	159
35	168
35	191
35	239
35	256
35	315
35	371
35	382
35	396
35	438
35	462
35	469
35	495
35	496
35	538
35	550
35	593
35	603
35	661
35	685
35	768
35	795
35	825
35	866
35	893
35	896
35	924
35	993
35	999
36	48
36	86
36	122
36	158
36	167
36	248
36	253
36	336
36	389
36	472
36	488
36	544
36	575
36	595
36	597
36	615
36	649
36	655
36	731
36	763
36	795
36	799
36	937
36	940
37	42
37	43
37	66
37	232
37	308
37	347
37	429
37	461
37	691
37	751
37	785
37	864
38	40
38	41
38	45
38	79
38	89
38	91
38	156
38	163
38	170
38	224
38	237
38	244
38	257
38	265
38	268
38	272
38	288
38	289
38	296
38	319
38	340
38	359
38	365
38	372
38	382
38	391
38	397
38	398
38	419
38	433
38	445
38	459
38	470
38	471
38	483
38	491
38	494
38	570
38	597
38	605
38	614
38	630
38	696
38	717
38	721
38	738
38	825
38	842
38	843
38	849
38	860
38	895
38	903
38	907
38	939
39	69
39	83
39	99
39	182
39	218
39	253
39	443
39	494
39	548
39	609
39	719
39	972
39	988
40	51
40	54
40	66
40	68
40	76
40	80
40	88
40	98
40	99
40	112
40	121
40	128
40	129
40	176
40	199
40	215
40	280
40	423
40	429
40	471
40	505
40	535
40	546
40	561
40	601
40	626
40	653
40	658
40	693
40	746
40	765
40	923
40	939
41	102
41	124
41	154
41	157
41	206
41	282
41	300
41	329
41	360
41	393
41	404
41	451
41	457
41	510
41	523
41	569
41	589
41	598
41	644
41	651
41	711
41	737
41	753
41	862
41	892
41	897
41	942
41	973
41	978
41	981
42	51
42	70
42	78
42	102
42	106
42	148
42	166
42	214
42	220
42	230
42	238
42	337
42	387
42	458
42	502
42	595
42	692
42	721
42	752
42	883
42	907
42	974
42	992
43	46
43	53
43	66
43	69
43	72
43	73
43	80
43	84
43	91
43	106
43	128
43	135
43	148
43	176
43	178
43	196
43	200
43	215
43	227
43	245
43	246
43	267
43	270
43	313
43	329
43	340
43	342
43	448
43	510
43	534
43	558
43	640
43	651
43	697
43	718
43	806
43	844
43	873
43	875
44	46
44	48
44	126
44	248
44	312
44	326
44	350
44	398
44	443
44	455
44	503
44	506
44	517
44	540
44	574
44	579
44	591
44	619
44	644
44	646
44	696
44	761
44	778
44	949
44	988
45	88
45	102
45	234
45	244
45	249
45	305
45	311
45	341
45	475
45	476
45	479
45	497
45	526
45	721
45	746
45	790
45	814
45	865
46	74
46	106
46	145
46	154
46	174
46	197
46	235
46	261
46	270
46	292
46	304
46	313
46	325
46	621
46	663
46	679
46	708
46	714
46	752
46	805
46	943
46	966
47	65
47	68
47	91
47	93
47	107
47	115
47	118
47	128
47	181
47	208
47	220
47	280
47	327
47	348
47	362
47	408
47	411
47	448
47	489
47	536
47	551
47	645
47	662
47	689
47	774
47	906
47	958
47	986
47	993
48	61
48	62
48	69
48	73
48	82
48	94
48	95
48	99
48	105
48	117
48	132
48	196
48	219
48	291
48	293
48	405
48	458
48	492
48	520
48	556
48	602
48	724
48	803
48	805
48	809
48	818
48	919
48	978
49	57
49	68
49	75
49	90
49	177
49	384
49	617
49	752
49	817
49	837
49	870
49	898
50	53
50	71
50	76
50	107
50	128
50	138
50	154
50	162
50	190
50	194
50	197
50	209
50	216
50	235
50	245
50	252
50	284
50	379
50	399
50	494
50	506
50	519
50	526
50	552
50	611
50	628
50	716
50	720
50	855
50	965
51	79
51	104
51	140
51	143
51	145
51	170
51	217
51	218
51	244
51	251
51	296
51	299
51	302
51	333
51	384
51	401
51	454
51	461
51	462
51	464
51	475
51	512
51	522
51	614
51	641
51	650
51	705
51	863
51	895
51	914
51	957
52	67
52	80
52	86
52	97
52	114
52	121
52	141
52	153
52	180
52	240
52	248
52	279
52	378
52	444
52	484
52	485
52	495
52	612
52	622
52	730
52	740
52	813
53	54
53	56
53	84
53	116
53	193
53	262
53	331
53	363
53	425
53	487
53	830
53	968
53	978
53	986
53	993
54	69
54	74
54	87
54	98
54	106
54	111
54	146
54	157
54	187
54	223
54	260
54	354
54	356
54	372
54	395
54	401
54	402
54	413
54	445
54	497
54	502
54	586
54	610
54	636
54	640
54	811
54	846
54	854
54	870
54	952
55	66
55	85
55	93
55	119
55	193
55	263
55	317
55	459
55	504
55	638
55	737
55	810
55	822
55	850
55	860
56	113
56	169
56	358
56	437
56	511
56	547
56	639
56	680
56	686
56	763
56	815
56	957
57	72
57	164
57	179
57	220
57	223
57	231
57	247
57	399
57	453
57	613
57	629
57	637
57	748
57	933
57	975
58	63
58	198
58	239
58	240
58	242
58	315
58	354
58	359
58	360
58	381
58	383
58	437
58	495
58	513
58	521
58	598
58	621
58	666
58	769
58	917
59	104
59	124
59	125
59	145
59	159
59	167
59	182
59	335
59	433
59	450
59	468
59	552
59	563
59	881
60	183
60	235
60	297
60	737
61	62
61	161
61	163
61	257
61	269
61	301
61	402
61	515
61	551
61	611
61	661
61	662
61	980
62	65
62	73
62	96
62	104
62	129
62	134
62	174
62	183
62	205
62	214
62	219
62	221
62	231
62	252
62	276
62	285
62	305
62	320
62	343
62	356
62	370
62	388
62	389
62	397
62	401
62	430
62	449
62	486
62	502
62	508
62	515
62	558
62	614
62	641
62	681
62	684
62	705
62	767
62	778
62	824
62	826
62	840
62	885
62	906
62	954
62	969
63	84
63	114
63	139
63	175
63	215
63	223
63	239
63	281
63	299
63	320
63	384
63	396
63	412
63	425
63	508
63	575
63	649
63	650
63	796
63	819
63	916
63	923
64	76
64	78
64	80
64	122
64	162
64	197
64	214
64	250
64	252
64	327
64	358
64	398
64	434
64	467
64	483
64	625
64	684
64	752
64	960
64	962
64	973
65	74
65	79
65	83
65	89
65	115
65	122
65	133
65	143
65	160
65	167
65	198
65	241
65	283
65	298
65	349
65	380
65	473
65	500
65	504
65	528
65	646
65	706
65	726
65	745
65	842
66	113
66	236
66	246
66	388
66	655
66	975
67	87
67	208
67	250
67	251
67	299
67	362
67	404
67	469
67	698
67	832
67	875
68	135
68	138
68	146
68	160
68	164
68	190
68	270
68	323
68	325
68	333
68	377
68	433
68	458
68	584
68	670
68	710
68	784
68	844
69	75
69	82
69	85
69	87
69	117
69	150
69	180
69	272
69	360
69	395
69	418
69	489
69	646
69	659
69	834
69	875
69	957
69	964
70	72
70	100
70	106
70	111
70	119
70	120
70	134
70	135
70	188
70	195
70	212
70	214
70	239
70	267
70	284
70	287
70	292
70	300
70	349
70	369
70	378
70	384
70	394
70	407
70	414
70	423
70	516
70	543
70	609
70	616
70	689
70	726
70	729
70	730
70	756
70	775
70	782
70	783
70	825
70	874
70	909
70	932
70	980
71	76
71	81
71	90
71	166
71	170
71	218
71	226
71	230
71	273
71	283
71	287
71	347
71	362
71	366
71	510
71	535
71	706
71	711
71	716
71	729
71	887
71	933
72	75
72	81
72	96
72	111
72	121
72	140
72	157
72	190
72	227
72	246
72	290
72	391
72	409
72	424
72	454
72	482
72	483
72	491
72	540
72	587
72	592
72	598
72	661
72	666
72	682
72	717
72	810
72	857
73	84
73	98
73	115
73	116
73	121
73	167
73	181
73	231
73	243
73	264
73	321
73	347
73	382
73	397
73	532
73	553
73	670
73	756
74	77
74	134
74	180
74	209
74	381
74	383
74	580
74	583
74	605
74	737
74	739
75	179
75	183
75	189
75	204
75	208
75	219
75	259
75	330
75	357
75	378
75	428
75	524
75	555
75	727
75	752
75	754
75	832
75	858
75	896
76	83
76	103
76	161
76	188
76	201
76	202
76	306
76	308
76	312
76	357
76	378
76	388
76	412
76	464
76	467
76	474
76	482
76	506
76	519
76	693
76	716
76	759
76	950
77	93
77	106
77	152
77	154
77	156
77	162
77	212
77	300
77	324
77	362
77	367
77	499
77	505
77	519
77	570
77	592
77	670
77	912
77	922
77	936
77	938
78	127
78	255
78	264
78	290
78	321
78	436
78	442
78	501
78	697
79	205
79	267
79	293
79	314
79	435
79	488
79	526
79	529
79	563
79	620
79	666
79	913
79	980
80	82
80	103
80	138
80	148
80	161
80	164
80	201
80	329
80	411
80	459
80	582
80	618
80	698
80	717
80	734
80	852
80	998
81	92
81	117
81	118
81	207
81	245
81	266
81	476
81	479
81	480
81	545
81	560
81	629
81	818
81	937
81	967
81	994
82	83
82	110
82	174
82	177
82	208
82	212
82	225
82	228
82	235
82	268
82	281
82	318
82	369
82	373
82	435
82	465
82	566
82	583
82	615
82	623
82	635
82	674
82	692
82	722
82	814
82	839
83	94
83	147
83	206
83	224
83	413
83	855
83	872
83	882
84	91
84	102
84	113
84	228
84	463
84	473
84	497
84	530
84	560
84	561
84	563
84	571
84	572
84	652
84	736
84	941
84	942
84	962
85	96
85	116
85	141
85	304
85	336
85	351
85	366
85	394
85	526
85	827
85	968
86	129
86	201
86	247
86	281
86	298
86	394
86	788
87	125
87	261
87	314
87	358
87	463
87	489
87	819
87	927
87	960
87	985
88	105
88	203
88	213
88	239
88	251
88	346
88	506
88	623
88	653
88	828
88	991
89	143
89	292
89	355
89	387
89	550
89	821
89	898
90	94
90	228
90	343
90	410
90	415
90	449
90	736
90	784
90	940
90	990
91	200
91	206
91	283
91	323
91	345
91	348
91	375
91	396
91	440
91	455
91	554
91	561
91	615
91	644
91	648
91	654
91	693
91	702
91	758
91	855
91	985
92	160
92	204
92	255
92	326
92	349
92	364
92	450
92	477
92	542
92	564
92	665
92	686
92	756
92	797
93	118
93	131
93	158
93	219
93	384
93	486
93	562
93	658
93	809
93	835
93	915
94	182
94	242
94	410
94	662
94	795
94	802
94	809
94	811
95	179
95	209
95	276
95	824
96	98
96	100
96	133
96	169
96	265
96	269
96	283
96	346
96	646
96	722
96	753
96	798
96	901
97	119
97	151
97	191
97	226
97	293
97	306
97	370
97	470
97	501
97	527
97	574
97	595
97	618
97	688
97	766
97	869
98	148
98	232
98	356
98	384
98	425
98	804
98	852
98	965
99	102
99	103
99	107
99	141
99	155
99	168
99	194
99	213
99	309
99	314
99	316
99	321
99	465
99	546
99	581
99	676
99	880
99	888
99	947
99	975
100	252
100	330
100	356
100	770
100	997
101	130
101	132
101	176
101	270
101	321
101	334
101	418
101	481
101	519
101	522
101	539
101	688
101	709
101	748
101	930
101	939
102	137
102	170
102	352
102	460
102	632
102	827
103	109
103	116
103	122
103	127
103	137
103	144
103	161
103	179
103	186
103	205
103	218
103	221
103	259
103	275
103	328
103	330
103	372
103	422
103	470
103	605
103	631
103	657
103	673
103	745
103	765
103	807
103	869
103	887
103	914
103	983
104	134
104	174
104	195
104	207
104	265
104	379
104	382
104	427
104	436
104	505
104	731
104	838
104	877
104	943
105	113
105	114
105	116
105	140
105	172
105	229
105	250
105	308
105	325
105	362
105	461
105	471
105	513
105	533
105	584
105	602
105	627
105	645
105	693
105	694
105	847
105	859
105	916
105	944
105	994
106	108
106	130
106	132
106	364
106	433
106	630
107	116
107	144
107	173
107	250
107	268
107	285
107	296
107	601
107	627
107	715
107	830
107	895
108	536
108	599
108	859
109	303
109	316
109	342
109	408
109	505
109	735
109	787
110	124
110	147
110	148
110	178
110	186
110	187
110	219
110	340
110	457
110	515
110	577
110	583
110	703
110	853
110	889
110	906
110	964
111	126
111	183
111	186
111	301
111	311
111	439
111	463
111	478
111	498
111	516
111	755
111	791
111	903
111	921
111	973
111	989
112	240
112	367
112	386
112	699
112	719
112	942
112	961
113	125
113	310
113	315
113	639
113	689
113	974
114	120
114	133
114	171
114	180
114	199
114	209
114	271
114	345
114	375
114	424
114	599
114	655
114	677
114	707
114	792
114	812
114	889
115	386
115	750
116	163
116	227
116	254
116	400
116	596
116	655
116	675
116	692
116	880
116	995
117	129
117	212
117	281
117	416
117	469
117	608
117	618
117	623
117	640
117	694
117	785
117	792
117	832
117	856
117	923
118	151
118	206
118	238
118	614
118	625
118	926
119	155
119	169
119	210
119	215
119	233
119	238
119	296
119	363
119	465
119	500
119	532
119	709
119	790
120	127
120	130
120	137
120	150
120	152
120	165
120	180
120	189
120	194
120	195
120	227
120	233
120	263
120	309
120	338
120	344
120	365
120	432
120	440
120	446
120	533
120	560
120	606
120	607
120	750
120	834
120	851
120	910
120	941
120	985
121	141
121	156
121	303
121	416
121	580
121	643
121	826
121	923
121	961
121	991
122	129
122	203
122	244
122	258
122	293
122	305
122	322
122	523
122	558
122	586
122	615
122	698
122	756
122	767
122	797
122	810
122	833
122	904
123	156
123	220
123	266
123	352
123	431
123	452
123	494
123	501
123	520
123	703
123	782
123	793
124	211
124	366
124	419
124	420
124	444
124	453
124	493
124	527
124	590
124	717
124	797
124	806
125	213
125	237
125	246
125	292
125	348
125	687
125	964
125	998
126	128
126	232
126	483
126	593
127	133
127	136
127	142
127	173
127	204
127	249
127	322
127	374
127	385
127	411
127	424
127	647
127	713
127	753
127	842
127	843
127	879
127	891
127	974
128	136
128	199
128	205
128	214
128	223
128	332
128	439
128	562
128	564
128	577
128	679
128	749
128	780
129	139
129	155
129	187
129	207
129	227
129	278
129	322
129	528
129	555
129	625
129	674
129	734
129	879
130	136
130	222
130	276
130	331
130	378
130	438
130	441
130	579
130	682
130	790
130	796
130	936
130	967
131	140
131	147
131	171
131	294
131	327
131	369
131	450
131	472
131	600
131	695
131	715
131	907
131	937
131	997
132	144
132	146
132	291
132	298
132	326
132	339
132	353
132	381
132	398
132	424
132	543
132	576
132	695
132	750
132	806
132	810
132	918
132	925
132	933
133	233
133	531
133	599
133	735
133	990
134	149
134	158
134	216
134	217
134	254
134	452
134	554
135	153
135	175
135	243
135	330
135	463
135	584
135	634
136	241
136	528
136	574
136	683
136	708
136	761
137	149
137	164
137	202
137	258
137	269
137	308
137	351
137	509
137	514
137	555
137	638
137	670
137	742
137	811
137	831
138	306
138	314
138	429
138	442
138	532
138	612
138	732
138	956
138	991
139	142
139	174
139	253
139	385
139	487
139	499
139	534
139	556
139	634
139	656
139	892
139	898
139	944
139	948
140	232
140	282
140	369
140	432
140	475
140	680
140	711
140	820
140	825
140	892
140	927
140	985
141	307
141	529
141	803
142	164
142	175
142	259
142	381
142	445
142	498
142	533
142	544
142	553
142	572
142	618
142	918
143	244
143	278
143	287
143	290
143	297
143	360
143	449
143	619
143	697
143	780
143	823
143	904
143	976
144	213
144	234
144	290
144	327
144	353
144	564
144	718
145	173
145	262
145	337
145	350
145	542
145	571
145	603
145	636
145	657
145	688
145	704
146	192
146	223
146	228
146	361
146	393
146	455
146	626
146	703
146	729
146	812
146	839
146	863
146	925
146	956
146	977
147	205
147	611
147	822
148	198
148	295
148	301
148	320
148	348
148	402
148	430
148	451
148	708
148	884
149	217
149	283
149	286
149	368
149	390
149	544
149	598
149	852
149	950
150	155
150	231
150	276
150	718
150	798
150	981
150	983
151	310
151	509
151	538
151	673
151	852
152	332
152	333
152	351
152	383
152	385
152	553
152	751
152	984
153	154
153	226
153	405
154	268
154	421
154	738
154	788
154	804
154	882
154	909
155	190
155	443
155	505
155	730
155	734
155	772
155	892
155	947
156	183
156	288
156	665
156	876
157	286
157	581
157	588
157	633
158	188
158	198
158	457
158	675
158	933
159	190
159	259
159	306
159	313
159	349
159	428
159	592
160	216
160	328
160	357
160	370
160	403
160	415
160	617
160	701
160	749
160	826
160	964
161	434
161	585
161	588
161	828
162	184
162	203
162	278
162	307
162	389
162	840
163	363
163	419
163	480
163	498
163	531
163	656
163	775
163	867
163	918
163	959
164	165
164	169
164	175
164	188
164	197
164	216
164	237
164	244
164	266
164	279
164	289
164	337
164	576
164	636
164	827
164	866
164	881
164	899
164	903
164	958
164	974
164	987
165	398
165	423
165	649
166	189
166	204
166	409
166	549
166	766
166	807
166	813
167	236
167	242
167	254
167	255
167	302
167	306
167	334
167	418
167	573
167	620
167	781
167	848
168	186
168	202
168	273
168	350
168	458
168	744
169	323
169	442
169	504
169	555
169	597
169	615
169	790
169	977
170	200
170	267
170	288
170	354
170	416
170	453
170	492
170	612
170	665
170	672
170	833
170	886
171	177
171	275
171	276
171	331
171	373
171	407
171	587
171	660
171	662
171	945
171	954
171	967
172	210
172	365
172	387
172	518
172	594
172	996
173	202
173	647
173	770
174	199
174	207
174	299
174	453
174	602
174	642
174	785
175	240
175	251
175	341
175	476
175	487
175	500
175	565
175	580
175	588
175	672
175	729
176	203
176	263
176	281
176	420
177	302
177	324
178	200
178	338
178	466
178	581
178	788
179	187
179	218
179	355
179	480
179	512
179	563
179	723
179	731
179	837
180	229
180	295
180	376
180	413
180	555
180	563
180	571
180	589
180	606
181	229
181	261
181	319
181	487
181	531
181	537
181	585
181	824
181	916
182	493
182	573
183	265
183	332
183	343
183	431
183	643
183	666
183	677
183	924
183	962
183	970
184	224
184	259
184	380
184	439
184	671
184	745
184	925
185	256
185	356
185	358
185	399
185	583
185	604
185	637
185	658
185	738
185	784
185	911
185	996
186	277
186	453
186	965
187	201
187	275
187	359
187	392
187	481
187	534
187	541
187	576
187	718
187	743
187	780
187	816
187	827
187	908
187	913
188	225
188	272
188	273
188	313
188	353
188	457
188	533
188	605
188	652
188	654
188	714
188	770
188	861
188	870
188	917
188	928
188	958
189	279
189	336
189	430
189	437
189	488
189	538
189	669
189	783
189	920
189	952
190	198
190	318
190	347
190	421
190	434
190	472
190	565
190	606
190	687
190	768
190	897
190	977
190	990
191	274
191	322
191	335
191	362
191	375
191	600
191	616
191	661
191	671
191	679
191	724
191	769
191	799
191	877
191	925
191	929
192	245
192	317
192	405
192	477
192	683
192	888
193	352
193	733
194	209
194	215
194	403
194	447
194	466
194	492
194	548
194	633
195	295
195	328
195	353
195	395
195	405
195	507
195	587
195	700
195	727
195	787
195	894
196	259
196	280
196	310
196	414
196	422
196	451
196	495
196	596
196	801
196	912
196	987
197	230
197	434
197	439
197	560
197	676
197	697
197	795
198	301
198	377
198	590
198	667
198	889
198	989
199	253
199	367
199	509
199	510
199	536
199	596
199	635
199	686
199	950
200	222
200	230
200	325
201	271
201	529
201	701
201	754
201	999
202	225
202	248
202	407
202	411
202	426
202	702
202	883
203	350
203	403
204	261
204	279
204	326
204	430
204	473
204	529
204	567
204	672
204	674
204	782
204	815
204	821
204	841
204	962
205	275
205	565
205	865
205	890
205	998
206	234
206	289
206	309
206	393
206	406
206	568
206	624
206	798
206	814
206	841
207	509
208	287
208	301
208	447
208	460
208	874
209	277
209	417
209	672
209	839
209	849
209	865
209	872
209	904
210	557
210	616
210	873
210	892
211	248
211	272
211	274
211	320
211	389
211	469
211	504
211	510
211	511
211	559
211	593
211	653
211	753
211	808
211	916
212	375
212	524
212	663
213	236
213	339
213	393
213	523
213	744
214	258
214	313
214	392
214	395
214	401
214	492
214	500
214	704
214	805
214	837
214	888
214	934
215	298
215	318
215	579
215	779
215	850
215	868
216	365
216	474
217	218
217	260
217	277
217	330
217	355
217	377
217	484
217	618
217	654
217	687
217	719
217	750
217	909
217	926
218	266
218	368
218	380
218	467
218	484
218	496
218	548
218	905
218	968
219	311
219	374
219	456
219	517
219	541
219	548
219	580
219	587
219	649
219	660
219	667
219	668
219	883
219	938
219	971
220	290
220	307
220	376
220	445
220	519
220	539
220	589
220	613
220	776
220	777
220	969
221	232
221	263
221	282
221	307
221	440
221	485
221	525
221	570
221	579
221	589
221	622
222	269
222	332
222	419
222	529
222	731
222	740
222	764
222	896
223	361
223	634
223	771
224	263
224	336
224	354
224	456
224	460
224	571
224	608
224	730
224	755
224	783
225	397
225	532
225	563
225	607
225	908
225	915
226	334
226	385
226	518
226	559
226	611
227	335
227	344
227	429
227	590
227	700
227	713
228	272
228	294
228	355
228	637
228	697
229	294
229	359
229	721
229	908
229	944
230	408
230	410
230	648
230	821
231	796
231	953
232	233
232	287
232	296
232	331
232	342
232	391
232	409
232	461
232	511
232	513
232	559
232	746
232	898
233	427
233	482
233	508
233	509
233	528
233	585
233	700
233	894
233	970
234	249
234	449
234	486
234	521
234	638
235	284
235	332
235	411
235	427
235	520
235	996
236	274
236	347
236	535
237	367
237	407
237	458
237	671
238	400
238	403
238	535
238	556
238	669
238	884
238	894
238	922
239	243
239	338
239	733
239	762
239	800
239	934
239	949
239	970
239	990
239	999
240	300
240	346
240	364
240	426
240	478
240	489
240	549
240	564
241	297
241	353
241	500
241	510
241	660
241	828
241	848
241	854
241	976
242	426
242	435
242	655
242	748
242	907
243	248
243	310
243	311
243	323
243	328
243	329
243	339
243	512
243	683
243	720
243	849
243	891
243	933
244	260
244	412
244	516
244	636
244	761
244	842
245	267
245	388
245	474
245	566
245	818
246	608
246	675
246	857
246	867
246	929
246	963
247	410
247	735
247	774
247	926
248	352
248	376
248	401
248	471
248	773
248	777
248	801
248	935
249	292
249	382
249	437
249	496
249	557
249	901
249	938
250	280
250	302
250	393
250	440
250	545
250	722
251	303
251	565
251	608
251	626
251	849
252	716
254	398
254	411
254	426
254	477
254	673
254	696
255	275
255	282
255	414
255	578
255	706
255	760
255	900
256	652
257	318
257	547
257	553
257	596
257	722
257	741
257	800
257	871
258	297
258	396
258	456
258	577
258	635
258	738
258	745
258	833
258	929
258	945
259	313
259	330
259	385
259	569
259	640
259	648
259	837
259	910
259	998
260	307
260	328
260	485
260	551
260	632
260	709
260	747
260	751
260	846
260	856
261	364
261	366
261	368
261	406
261	410
261	441
261	486
261	550
261	600
261	601
261	634
261	645
261	663
261	776
261	787
262	288
262	300
262	303
262	333
262	568
262	575
262	669
262	723
262	854
263	267
263	342
263	809
263	927
263	972
264	274
264	303
264	628
265	273
265	294
265	305
265	354
265	369
265	386
265	426
265	427
265	445
265	467
265	616
265	632
265	664
265	795
266	407
266	477
266	613
266	899
267	282
267	543
267	566
267	600
267	995
268	277
268	472
268	570
268	665
268	816
269	419
269	465
269	585
269	586
269	660
269	673
269	717
269	769
269	856
269	987
270	404
270	530
270	535
270	865
270	972
271	367
271	516
271	689
271	935
272	361
272	403
273	428
273	610
273	696
274	288
274	341
274	966
274	971
275	284
275	339
275	408
275	475
275	518
275	594
275	691
275	787
275	912
276	379
276	394
276	858
276	935
277	891
278	446
278	685
278	702
278	748
278	936
279	397
279	442
279	522
280	351
280	534
281	332
281	436
281	454
281	567
282	283
282	387
282	441
282	829
282	953
283	394
283	470
283	545
283	571
283	708
284	862
285	286
285	434
285	508
285	513
285	547
285	550
285	602
285	613
285	975
286	421
286	842
287	291
287	304
287	383
287	390
287	395
287	404
287	405
287	441
287	478
287	525
287	627
287	630
287	707
287	726
287	812
287	816
287	844
288	645
288	663
288	710
288	804
288	904
289	399
289	733
289	860
290	308
290	333
290	817
290	874
291	341
291	361
291	438
291	552
291	714
291	904
292	413
292	463
293	372
293	520
293	573
293	639
293	879
294	323
294	386
294	598
294	667
294	897
294	912
294	995
295	329
295	423
295	621
296	316
296	392
296	446
296	470
296	517
296	582
296	626
296	641
296	772
296	828
296	864
296	876
297	671
297	791
298	318
298	389
298	595
298	739
298	826
299	416
299	788
299	824
300	475
300	495
300	802
300	831
301	305
301	468
301	516
301	525
301	609
301	653
301	705
301	750
301	758
301	868
302	372
302	491
302	522
302	557
303	345
303	443
303	472
303	490
303	505
303	664
303	838
304	399
304	537
304	591
304	914
305	322
305	355
305	452
305	554
305	555
305	603
305	664
305	869
305	890
305	930
306	511
306	617
306	633
306	682
306	782
306	817
306	873
306	878
306	907
306	963
307	312
307	434
307	817
308	397
308	599
308	650
308	705
308	712
309	455
309	507
310	320
310	435
310	498
311	322
311	374
311	435
311	529
311	543
311	617
311	658
311	800
311	891
311	1000
312	484
312	522
312	774
312	778
312	887
312	905
313	337
313	531
313	853
313	933
313	948
313	963
314	804
315	638
315	739
316	387
316	422
316	524
316	576
316	669
316	773
316	775
316	876
317	325
317	523
317	741
317	829
318	870
319	338
319	705
319	925
319	943
320	568
320	860
321	430
321	757
322	663
322	673
322	781
322	903
323	347
323	462
323	477
323	637
323	641
324	406
324	445
324	521
324	571
324	648
324	707
324	776
324	854
324	873
324	900
324	972
325	403
325	623
325	848
326	379
326	437
326	501
326	625
326	669
326	683
326	769
326	949
326	983
327	382
327	440
327	547
327	913
328	344
328	816
328	861
328	898
329	507
329	524
329	548
329	602
329	632
329	739
329	886
330	345
330	420
330	428
330	464
330	713
330	834
330	930
330	957
330	999
331	340
331	462
331	491
331	588
331	722
331	768
331	867
332	412
332	624
332	765
332	830
333	424
333	552
333	908
333	978
334	400
334	530
334	635
334	712
335	401
335	442
335	500
335	553
335	621
335	707
335	741
335	796
335	895
336	460
336	547
336	616
336	785
337	344
337	365
337	422
337	498
337	545
337	617
337	653
337	725
338	414
338	415
338	490
338	567
338	578
338	596
338	806
339	345
339	355
339	579
339	659
339	716
339	723
339	910
339	924
340	536
340	776
340	791
341	371
341	476
341	593
341	604
341	646
341	732
341	946
342	380
342	551
342	932
342	978
343	451
343	477
343	502
343	572
343	583
343	759
344	514
344	652
344	712
345	349
345	423
345	754
345	789
346	358
346	436
346	494
346	539
346	595
347	379
347	400
347	760
347	966
348	357
348	578
348	744
348	848
348	893
352	461
352	677
352	695
352	931
353	541
354	426
354	494
354	509
354	607
354	679
354	708
354	770
354	874
355	480
355	876
355	947
355	987
356	468
356	501
356	541
356	733
356	917
356	977
357	388
357	763
357	805
358	392
358	564
358	838
358	886
358	970
359	512
359	513
359	542
359	568
359	846
360	390
360	643
360	707
361	381
361	479
361	644
361	786
361	893
362	372
362	377
362	581
363	533
363	698
363	861
364	415
364	451
364	670
364	746
364	751
364	770
364	920
364	961
365	485
365	493
365	716
365	785
365	864
365	935
365	994
366	575
366	608
366	742
367	386
367	389
367	604
367	606
367	677
367	913
367	921
368	393
368	417
368	471
368	694
368	934
368	942
368	981
369	374
369	377
369	432
369	441
369	564
369	622
369	725
369	802
370	418
370	480
370	805
371	446
371	781
372	567
373	417
373	676
373	702
373	910
373	917
375	402
375	473
375	483
375	771
375	858
376	439
376	534
376	609
376	695
376	955
377	557
377	619
377	783
378	495
378	917
379	629
379	699
380	433
380	547
380	752
380	881
380	971
380	993
381	580
381	585
381	826
382	432
382	523
382	736
382	858
383	478
383	562
383	653
384	979
385	417
385	461
385	524
386	699
386	824
386	848
386	970
387	407
387	523
387	542
387	661
387	665
387	753
387	797
387	935
388	450
388	559
388	572
388	681
388	692
388	719
388	827
388	926
389	569
389	582
389	608
389	679
389	976
390	586
390	690
390	795
390	845
390	882
390	996
391	409
391	415
391	463
391	575
391	629
391	684
391	749
391	763
391	781
391	805
391	826
392	447
392	497
392	604
392	642
393	557
393	822
393	899
394	419
394	761
394	792
394	828
394	833
394	934
395	550
395	656
395	938
396	444
396	514
397	724
397	928
397	932
398	464
398	540
398	568
399	465
399	492
399	626
399	631
399	632
399	675
399	734
399	988
400	418
400	633
400	808
400	818
402	431
402	466
402	671
403	779
405	462
405	983
406	690
406	694
406	732
406	881
406	927
407	544
407	593
407	692
407	775
407	793
407	852
407	887
408	432
408	582
408	744
408	913
408	962
409	429
409	616
409	668
409	712
410	454
410	496
410	526
410	539
410	844
410	919
410	940
411	473
412	444
412	955
413	543
413	678
413	799
413	947
413	961
414	939
415	622
415	886
416	528
416	569
416	835
417	431
417	447
417	515
417	739
417	757
417	764
417	768
417	806
418	507
418	530
418	681
419	478
419	502
419	698
419	733
419	875
419	934
420	424
420	427
420	786
420	812
421	533
421	604
421	997
422	431
422	546
422	725
422	766
422	874
422	901
422	984
423	718
423	852
424	466
424	656
424	790
425	894
426	428
426	788
426	791
426	823
427	435
427	607
428	429
428	430
428	677
428	740
428	771
428	905
428	973
430	591
430	924
430	941
431	532
431	639
431	845
432	830
432	897
432	969
434	497
434	513
434	814
435	468
435	479
435	570
435	724
435	763
435	781
436	628
436	956
437	796
438	458
438	490
438	762
438	765
438	797
439	488
439	739
440	738
441	558
441	561
441	829
442	485
443	454
443	486
443	512
443	521
443	704
443	749
443	758
443	766
443	803
443	809
444	619
444	761
445	499
445	689
446	489
446	556
446	885
446	914
448	464
448	535
448	696
449	846
450	503
450	664
450	906
450	955
451	820
452	577
452	729
452	762
452	818
453	470
453	486
453	612
453	763
454	521
454	636
454	667
454	678
454	765
454	945
455	466
455	593
455	631
455	648
455	920
455	994
456	473
456	544
457	552
457	996
459	474
459	481
459	615
459	663
461	594
461	713
461	823
461	981
462	521
462	898
463	514
463	773
464	546
464	607
464	711
465	853
466	761
466	931
467	558
467	641
467	685
467	948
468	516
469	570
469	606
469	640
469	930
470	493
470	525
470	536
470	539
470	565
470	819
470	934
471	527
471	595
471	600
471	774
471	804
471	822
472	481
472	662
473	499
473	530
473	872
473	969
474	586
475	589
476	551
476	575
476	728
476	830
476	971
477	835
478	694
478	810
478	816
479	573
479	789
480	517
481	501
481	520
481	578
481	589
481	682
481	974
481	976
482	527
482	594
482	652
482	813
482	855
482	888
482	905
482	906
483	588
483	890
484	566
485	554
485	578
485	764
486	732
486	930
486	953
486	978
487	733
487	900
488	651
488	745
488	780
488	928
488	930
489	496
490	565
491	572
491	714
491	764
491	808
491	871
491	982
492	607
492	740
492	742
493	735
493	931
494	720
494	862
495	645
495	878
496	976
497	655
497	948
497	987
499	581
499	807
500	503
500	597
500	719
501	512
501	603
501	960
502	792
503	562
504	541
504	747
504	786
505	643
505	881
505	979
506	764
507	620
507	728
507	760
507	944
509	866
510	674
510	727
510	831
510	841
511	896
511	960
511	987
512	709
512	720
512	855
512	993
513	528
513	618
514	841
515	574
515	720
516	798
516	922
518	620
518	726
518	809
518	979
519	678
520	612
520	691
520	755
520	813
520	823
520	840
520	902
520	940
521	684
521	888
522	586
522	880
523	760
524	543
524	622
524	649
524	678
524	880
524	966
526	690
526	914
527	612
528	636
528	885
528	995
529	537
529	724
529	762
529	843
529	899
529	979
530	623
530	766
530	837
530	851
530	936
531	573
531	683
532	637
532	931
533	860
534	776
534	916
535	583
535	885
535	982
536	644
536	807
537	621
540	605
540	706
540	891
540	895
541	685
541	710
541	839
541	938
541	989
542	859
543	1000
544	964
545	617
545	899
545	909
546	731
546	948
546	951
547	629
547	631
547	718
548	590
548	603
548	742
548	878
549	692
549	751
549	923
549	992
550	726
550	857
551	846
551	941
552	659
552	687
553	723
554	584
554	613
554	678
555	576
557	746
558	644
558	686
559	611
559	732
559	757
559	913
560	812
561	727
562	573
562	652
562	854
562	958
563	599
563	836
563	841
563	850
564	762
564	799
564	915
565	647
565	820
565	937
566	704
567	696
567	715
567	758
567	863
567	932
567	981
567	997
568	597
569	728
569	836
569	861
569	893
571	755
571	857
572	588
572	724
572	801
572	912
572	917
573	767
573	779
574	662
574	690
574	711
574	869
574	901
574	952
575	689
575	774
575	811
575	858
577	625
577	723
577	871
578	677
578	771
578	946
580	665
580	777
580	793
581	988
581	997
583	910
583	967
583	973
584	951
584	995
585	760
585	990
586	697
586	817
586	994
587	722
587	820
587	843
587	862
587	961
589	664
590	651
590	749
590	854
591	630
592	647
592	872
592	963
593	773
594	668
595	610
595	840
596	688
596	923
597	624
597	666
597	738
597	821
597	897
597	937
598	659
598	719
599	620
599	627
599	850
599	884
600	757
601	645
601	981
603	610
603	846
603	867
606	659
606	875
608	685
608	759
608	838
610	801
611	675
612	747
612	954
614	927
614	993
616	680
616	744
616	909
616	955
617	725
617	759
617	945
617	996
618	903
619	682
620	889
620	974
621	868
623	929
624	642
624	869
625	694
625	803
630	693
630	985
631	690
631	908
632	891
632	902
633	786
634	673
635	654
635	878
635	879
636	643
636	647
636	895
637	691
637	866
638	847
641	657
641	765
642	703
642	860
643	958
645	801
645	851
645	968
647	965
648	845
649	695
649	757
649	921
649	992
654	807
654	811
654	928
655	808
655	877
656	843
657	756
657	900
658	781
658	919
659	701
659	706
659	803
660	681
660	682
660	769
660	772
660	787
660	845
660	864
660	893
662	834
662	915
663	998
664	759
665	701
665	777
666	864
667	769
668	822
668	901
670	794
671	699
671	779
671	836
673	796
673	877
674	675
674	803
674	827
674	847
674	902
680	922
681	853
682	841
682	866
682	874
683	772
683	797
684	728
684	949
685	872
685	906
686	986
687	721
687	951
688	726
688	862
688	951
688	975
689	856
690	780
691	699
692	732
694	859
694	932
694	950
696	911
699	778
699	864
700	788
700	988
701	815
701	936
702	747
702	789
703	872
703	928
705	717
707	802
709	810
711	977
711	998
712	725
712	918
712	959
713	863
713	947
714	720
715	740
715	743
715	751
715	911
715	944
716	858
717	893
719	851
721	910
722	734
723	792
725	889
728	845
728	868
728	908
729	865
729	896
730	786
732	754
732	863
732	902
732	953
733	782
735	786
736	992
739	800
741	942
742	764
743	929
745	775
745	817
746	902
747	991
748	959
749	831
749	946
751	870
752	857
755	828
755	984
755	988
759	888
762	801
765	922
765	931
766	899
767	813
767	894
769	794
769	903
769	954
770	919
770	931
771	791
771	798
771	814
771	829
774	815
774	818
774	871
774	967
775	861
775	862
776	789
777	787
777	815
780	838
781	832
781	983
782	784
783	836
786	881
787	909
788	832
789	867
790	848
792	928
793	867
796	847
796	948
799	969
799	984
800	966
805	921
805	943
805	947
806	837
807	975
809	835
811	825
817	820
817	883
818	900
821	830
823	989
825	877
827	916
829	997
830	851
831	884
832	920
832	961
835	977
837	892
838	883
844	952
846	870
849	956
849	970
850	873
853	884
853	982
859	877
859	942
864	880
869	966
875	905
875	949
876	972
877	885
882	980
883	969
884	990
888	940
891	904
891	911
892	902
897	979
899	943
899	989
903	956
904	954
905	951
912	952
914	945
915	920
915	951
917	985
931	963
942	953
943	957
962	968
967	984
972	991
998	1000
